[Primary Sensor]
lat=40.7748258
long=-73.8741426
heading=0
